Namespace(gpu=0, model='pointnet_cls', batch_size=4, num_point=1024, model_path='log/model.ckpt', dump_dir='dump', visu=True)
Model restored.
----0----
----1----
test mean loss: 0.605250
test accuracy: 0.881280
test avg class acc: 0.856855
  airplane:	1.000
   bathtub:	0.820
       bed:	0.990
     bench:	0.750
 bookshelf:	0.910
    bottle:	0.940
      bowl:	0.900
       car:	0.990
     chair:	0.980
      cone:	0.950
       cup:	0.650
   curtain:	0.900
      desk:	0.826
      door:	0.850
   dresser:	0.698
flower_pot:	0.300
 glass_box:	0.960
    guitar:	1.000
  keyboard:	1.000
      lamp:	0.950
    laptop:	1.000
    mantel:	0.950
   monitor:	0.950
night_stand:	0.721
    person:	0.900
     piano:	0.870
     plant:	0.720
     radio:	0.800
range_hood:	0.920
      sink:	0.650
      sofa:	0.960
    stairs:	0.900
     stool:	0.800
     table:	0.800
      tent:	0.950
    toilet:	0.980
  tv_stand:	0.790
      vase:	0.750
  wardrobe:	0.650
      xbox:	0.850
